(9,64,10.030528)(9,128,10.025022)(9,256,10.025346)(9,512,10.028414)(9,1024,10.023602)(9,2048,10.030310)(9,4096,10.028076)
(10,64,10.028408)(10,128,10.030340)(10,256,10.027836)(10,512,10.025474)(10,1024,10.027640)(10,2048,10.028640)(10,4096,10.023660)
(11,64,10.028618)(11,128,10.027442)(11,256,10.031474)(11,512,10.112762)(11,1024,10.023828)(11,2048,10.027762)(11,4096,10.027510)
(12,64,10.058458)(12,128,10.028878)(12,256,10.023566)(12,512,10.029408)(12,1024,10.029860)(12,2048,10.028222)(12,4096,10.023682)
(13,64,10.027698)(13,128,10.026590)(13,256,10.027238)(13,512,10.032724)(13,1024,10.023700)(13,2048,10.027772)(13,4096,10.027526)
(14,64,10.030528)(14,128,10.033174)(14,256,10.020946)(14,512,10.029580)(14,1024,10.027778)(14,2048,10.028122)(14,4096,10.029128)
(15,64,10.027956)(15,128,10.026056)(15,256,10.182944)(15,512,10.027608)(15,1024,10.023590)(15,2048,10.030182)(15,4096,10.030870)
(16,64,10.273886)(16,128,10.575432)(16,256,10.501728)(16,512,10.741474)(16,1024,10.829536)(16,2048,10.977708)(16,4096,11.184476)
(17,64,10.227766)(17,128,10.249944)(17,256,10.305432)(17,512,10.299912)(17,1024,10.917392)(17,2048,10.963348)(17,4096,11.844460)
(18,64,10.199434)(18,128,10.534736)(18,256,10.265080)(18,512,10.427698)(18,1024,10.689154)(18,2048,11.129738)(18,4096,13.267092)
(19,64,10.441820)(19,128,10.526354)(19,256,10.271032)(19,512,10.311548)(19,1024,10.640626)(19,2048,11.445738)(19,4096,13.753540)
(20,64,10.233768)(20,128,10.384106)(20,256,10.720028)(20,512,10.807334)(20,1024,11.360478)(20,2048,13.484782)(20,4096,18.427710)
(21,64,11.672356)(21,128,11.012210)(21,256,13.045246)(21,512,12.054292)(21,1024,13.516578)(21,2048,16.831722)(21,4096,25.264462)
(22,64,10.270512)(22,128,11.560184)(22,256,14.454950)(22,512,12.294336)(22,1024,14.103088)(22,2048,17.269726)(22,4096,26.350670)
(23,64,10.266300)(23,128,11.721988)(23,256,14.663664)(23,512,12.698056)(23,1024,14.737996)(23,2048,18.936750)(23,4096,28.617484)
(24,64,10.621822)(24,128,12.863830)(24,256,15.986582)(24,512,15.197976)(24,1024,18.059586)(24,2048,24.008166)(24,4096,37.048964)
(25,64,14.572324)(25,128,22.688594)(25,256,25.255004)(25,512,26.248504)(25,1024,30.687646)(25,2048,43.875162)(25,4096,72.625630)
(26,64,17.132550)(26,128,28.273690)(26,256,32.967250)(26,512,33.430746)(26,1024,37.192682)(26,2048,54.538826)(26,4096,91.581020)
(27,64,17.169914)(27,128,29.466502)(27,256,34.701698)(27,512,36.328422)(27,1024,41.931664)(27,2048,54.472920)(27,4096,99.342352)
(28,64,17.166594)(28,128,29.659640)(28,256,35.001950)(28,512,38.046796)(28,1024,41.293520)(28,2048,60.174438)(28,4096,104.852088)
(29,64,17.003282)(29,128,29.487570)(29,256,35.204982)(29,512,39.102124)(29,1024,41.123262)(29,2048,57.242944)(29,4096,104.600038)
(30,64,17.122930)(30,128,29.655046)(30,256,35.464558)(30,512,38.619630)(30,1024,40.112340)(30,2048,61.143252)(30,4096,106.799134)
